vessel 0 0 0 0 0 0 0 1 2 220 450 0 2
normal/core 0 0 0 0 0 0
general 0 0 0 0 0 0 0 0 0
4
0 2 i 3 i 1 2 i 3 i n i
1 1 0 0 0 0 0 0 0 -48400 0
1 1 0 0 0 0 0 0 0 -40000 0
0 0 0 0 0 0 0 0 1 -225 0
0 0 0 0 0 0 0 0 -1 -225 0
steel
general 0 0 0 0 0 0 0 0 0
9
0 1 i 2 i 3 4 i 5 i 6 i 7 i 8 i n i
1 1 0 0 0 0 0 0 0 -40000 0
0 0 0 0 0 0 0 0 1 -225 0
0 0 0 0 0 0 0 0 -1 -225 0
0 0 0 0 0 0 1 0 0 -32.13 0
0 0 0 0 0 0 -1 0 0 -32.13 0
0 0 0 0 0 0 0 1 0 -32.13 0
0 0 0 0 0 0 0 -1 0 -32.13 0
0 0 0 0 0 0 0 0 1 -183 0
0 0 0 0 0 0 0 0 -1 -183 0
water_borated
