pin_guide 0 0 0 0 0 0 0 0 3 1.26 1.26 366 5
cylinder 0.57 366 0 0 0 0 0 0 0
water_borated
general 0 0 0 0 0 0 0 0 0
4
0 2 i 3 i 1 2 i 3 i n i
1 1 0 0 0 0 0 0 0 -0.3721 0
1 1 0 0 0 0 0 0 0 -0.3249 0
0 0 0 0 0 0 0 0 1 -183 0
0 0 0 0 0 0 0 0 -1 -183 0
zircaloy
general 0 0 0 0 0 0 0 0 0
7
0 1 i 2 i 3 i 4 i 5 i 6 4 i 5 i n i
0 0 0 0 0 0 1 0 0 -0.63 0
0 0 0 0 0 0 -1 0 0 -0.63 0
0 0 0 0 0 0 0 1 0 -0.63 0
0 0 0 0 0 0 0 -1 0 -0.63 0
0 0 0 0 0 0 0 0 1 -183 0
0 0 0 0 0 0 0 0 -1 -183 0
1 1 0 0 0 0 0 0 0 -0.3721 0
water_borated
