pin_fuel 0 0 0 0 0 0 0 0 4 1.26 1.26 366 5
cylinder 0.4096 366 0 0 0 0 0 0 0
fuel_uo2_4p
general 0 0 0 0 0 0 0 0 0
4
0 2 i 3 i 1 2 i 3 i n i
1 1 0 0 0 0 0 0 0 -0.174724 0
1 1 0 0 0 0 0 0 0 -0.16777216 0
0 0 0 0 0 0 0 0 1 -183 0
0 0 0 0 0 0 0 0 -1 -183 0
helium_gap
general 0 0 0 0 0 0 0 0 0
4
0 2 i 3 i 1 2 i 3 i n i
1 1 0 0 0 0 0 0 0 -0.225625 0
1 1 0 0 0 0 0 0 0 -0.174724 0
0 0 0 0 0 0 0 0 1 -183 0
0 0 0 0 0 0 0 0 -1 -183 0
zircaloy
general 0 0 0 0 0 0 0 0 0
7
0 1 i 2 i 3 i 4 i 5 i 6 4 i 5 i n i
0 0 0 0 0 0 1 0 0 -0.63 0
0 0 0 0 0 0 -1 0 0 -0.63 0
0 0 0 0 0 0 0 1 0 -0.63 0
0 0 0 0 0 0 0 -1 0 -0.63 0
0 0 0 0 0 0 0 0 1 -183 0
0 0 0 0 0 0 0 0 -1 -183 0
1 1 0 0 0 0 0 0 0 -0.225625 0
water_borated
